412831 42592423
60
19 306694 170111 665736
17 397798 579358 357932 
79 490381 631849 84475 
51 554510 331127 853121 
83 264692 105595 854970 
21 647999 783638 145769 
81 931641 403535 995845 
35 816365 421768 706749 
75 591879 888836 158199 
31 468193 516130 242927 
49 147978 327401 23043 
53 174879 876163 948461 
59 981757 803430 865260 
31 587068 527380 438108 
119 930914 433952 216289 
61 855720 439389 903040 
59 328225 61238 953625 
113 93719 712904 787694 
17 556656 810736 976887 
69 203250 925347 687456 
117 245129 69068 331114 
95 596447 285573 383607 
25 719525 599895 307343 
111 39283 726734 55545 
77 304324 525521 196628 
3 754776 984321 156090 
103 311408 132977 559318 
33 574675 763125 732367 
85 832192 63480 684702 
61 865405 68308 988703 
97 184554 296045 676524 
17 539130 248420 624047 
105 773940 820674 241495 
31 321346 913936 356499 
25 563264 432168 663762 
37 195292 396128 474093 
71 975960 158795 488826 
87 743454 477528 942644 
119 289924 135519 184548 
105 383938 324946 672506 
97 661972 914000 202944 
73 344287 559442 132422 
85 507961 796183 78193 
25 708662 552285 247088 
105 227431 735913 558688 
113 729792 501331 931596 
69 153201 632495 848767 
75 473792 521272 211367 
45 951623 930662 119080 
3 6456 251501 236164 
31 564035 314356 734020 
95 382992 981107 990021 
5 233371 548708 97659 
27 566391 545606 499228 
61 694452 347995 773081 
5 385618 500799 304006 
105 431460 423085 665854 
93 190937 902017 468683 
45 732724 202702 60370 
29 700161 50390 726137