479151 538260285
180
200 601269 921759 266918
119 531174 151322 958231 
129 298576 93400 600021 
163 503766 979024 744148 
327 803716 809389 167712 
125 386560 483404 204680 
153 730535 747596 107402 
301 743098 162013 449693 
291 83772 232962 126226 
113 384283 600808 11741 
155 694208 128113 671479 
129 107136 931978 875621 
285 741366 43332 791786 
275 526735 512817 720826 
81 776764 344579 536552 
41 506592 502596 864227 
189 735558 506804 754363 
159 107611 766104 319050 
339 410568 506880 548847 
311 955210 424467 461258 
333 467798 769395 857204 
327 282211 578030 284504 
307 922608 337407 578835 
21 840003 959413 52265 
199 466216 806628 211751 
315 89083 47152 408348 
259 554032 473546 50057 
145 898012 511315 238519 
201 797061 95723 909396 
87 190104 710251 654597 
85 47658 749783 90966 
39 225547 143230 979571 
227 466209 191321 298292 
85 238473 222991 87645 
111 696536 137701 334448 
157 165367 89318 993059 
295 701392 902454 558051 
29 129056 728999 36910 
305 995134 127875 64372 
319 787456 560294 945146 
289 751615 243437 325307 
237 982779 929303 331646 
291 67004 666093 306564 
219 271762 299622 711149 
67 718427 785551 864648 
163 514550 417909 540547 
309 545783 121270 763066 
101 681564 708211 103255 
155 951647 944913 455968 
233 390568 787613 646442 
341 970057 953005 206292 
155 768978 917441 214971 
271 702991 595971 851238 
143 13879 908136 759926 
347 29405 522992 925604 
335 747554 545210 660497 
305 6474 116464 666329 
201 904076 312771 370963 
183 782127 577255 115950 
49 11047 330920 554860 
33 443242 922449 964281 
121 830584 240558 49486 
137 279901 975089 87308 
109 36650 747805 243007 
109 864268 909335 956516 
71 738457 843830 158827 
287 421084 791128 588040 
19 638400 659251 662519 
281 98052 626799 55113 
189 867356 104598 304975 
153 596038 392283 691063 
37 656439 934069 708514 
211 359755 181381 805401 
343 25210 480580 135147 
27 788059 239538 394775 
275 415140 57293 508099 
101 200443 79563 958178 
61 184161 263152 247759 
115 171786 938821 929237 
247 872889 154102 865282 
149 335482 670682 847206 
61 667613 498704 323336 
143 738241 234463 398481 
161 808107 906579 182923 
259 986142 141100 109052 
267 404252 356810 983203 
17 811982 912439 920613 
203 66540 785894 950216 
305 972927 797422 795416 
223 812477 118751 612563 
299 869565 11043 220450 
263 433974 403372 202573 
93 544472 311624 139472 
29 184785 122674 557463 
171 35113 994427 197987 
207 296672 148202 536377 
341 461975 848144 942842 
343 966894 555404 341521 
181 82798 78322 30482 
125 998045 749406 485941 
215 61029 625412 523942 
145 748086 597757 758930 
179 108535 956916 917553 
93 621469 970281 191157 
47 818424 650350 874247 
339 722105 732119 170832 
83 810440 201313 354377 
247 467070 840317 867352 
235 465729 907645 290262 
11 21753 49191 29715 
55 522458 463619 51846 
171 950252 759354 743721 
13 409703 617967 103048 
53 350085 273879 453060 
271 991543 807436 485360 
263 164105 869063 503061 
289 293059 793322 876350 
63 358864 422416 961451 
25 886034 13296 57951 
273 772649 801671 637664 
5 935990 257063 830509 
91 530942 283568 479302 
311 607356 481013 497448 
79 866427 508 917644 
209 310182 310345 990648 
233 732760 952098 583070 
209 481745 641020 487782 
265 959042 641797 953095 
45 898859 299955 213809 
143 99875 693110 984988 
339 690474 482435 478689 
159 999294 912684 232736 
349 223028 223384 494872 
237 691833 594293 607283 
195 751664 611416 944322 
9 253212 413769 122088 
125 713723 852248 614574 
33 61709 599561 37178 
323 598347 32218 825433 
201 944901 58168 907115 
39 797903 918338 672770 
55 512630 280053 179665 
289 407820 640338 491350 
263 570458 129789 329454 
81 498388 460379 614129 
311 59940 167659 312277 
91 199876 654061 772278 
73 228580 195745 345408 
269 114082 18178 548922 
247 814582 244938 923708 
241 401627 931409 399784 
49 577549 245589 772617 
191 705968 386745 636031 
197 554403 464659 456896 
261 635071 229174 415407 
101 424918 277166 406485 
261 811695 471758 198414 
351 716695 638474 848677 
281 86234 764812 90405 
85 10401 863021 256070 
295 766118 408453 998626 
303 873111 455521 107502 
307 201046 39260 888184 
5 316426 811020 681314 
119 282777 396079 270748 
5 34552 635776 150495 
251 400587 240900 300920 
293 620272 556989 643706 
81 965441 158683 739613 
167 614204 363466 379437 
81 402726 783972 473916 
205 111343 671581 879974 
37 67659 150721 426293 
325 302848 576787 255700 
269 334038 72971 630773 
219 629959 274479 857050 
343 433161 113014 983007 
231 476480 878795 895317 
33 662766 885584 147411 
175 557164 27384 684578