976777 17700167
90
69 703924 141851 322907
171 843677 782553 974628 
33 625654 67212 749917 
133 153556 361192 353008 
141 248518 517688 762448 
121 180039 57590 158147 
19 962702 772255 591195 
173 749031 768195 386332 
67 910045 225591 739551 
127 8143 714179 746660 
171 781390 12928 825242 
131 374119 694601 415078 
135 212289 177526 214879 
97 235115 373025 763578 
75 661631 354772 322684 
101 639318 225368 379967 
87 450958 119517 852139 
99 350047 115150 609247 
157 128078 434489 99086 
75 645441 514163 157536 
61 208040 372414 282759 
173 261790 46336 673674 
61 917459 512710 850433 
55 738077 746751 138842 
171 866268 507332 164485 
171 622482 290083 380454 
77 240923 479539 769106 
67 510054 926641 260444 
169 815406 543203 193951 
151 105890 383977 516968 
157 896686 883752 612828 
167 630503 268021 856499 
163 775353 537335 745787 
107 827417 642593 148392 
99 122131 433849 954703 
111 360490 731498 382981 
33 274700 93283 285794 
3 477259 319113 436642 
111 202865 49469 41409 
13 317490 414259 362840 
103 951593 108626 490675 
179 267570 155418 363701 
5 589266 834755 54588 
33 566252 953920 158354 
27 47203 960499 254245 
121 279612 690886 931109 
31 256706 972517 832194 
129 386776 195033 183388 
159 820010 190414 150081 
99 345831 513781 509984 
17 348535 564571 433907 
97 34843 108612 788442 
169 69111 559038 122857 
143 766275 53965 347549 
103 542834 179742 113527 
1 891126 813266 300680 
33 3680 450761 831418 
43 480893 341401 833662 
39 422324 267569 776918 
171 892532 81711 55562 
83 157100 178418 826715 
31 748735 690615 979057 
55 386708 608935 253880 
25 422201 554559 21672 
43 521671 853089 324445 
27 710842 158107 348343 
9 942027 125260 106682 
179 723322 162243 828904 
121 857012 655618 320146 
91 862585 299202 413665 
43 908137 667544 43477 
17 222103 65148 788920 
49 434588 113364 262688 
157 787822 611030 794945 
139 252641 901626 597110 
23 63868 426013 372734 
59 597982 209231 42977 
111 24785 456642 709858 
125 124185 269686 295961 
117 334833 601232 122764 
159 230947 385451 431201 
21 512833 226145 781320 
25 127771 378429 257787 
99 804441 146872 628869 
49 356103 671846 379340 
17 644839 89197 346511 
125 875234 158823 148014 
171 760054 787129 495838 
3 688931 443390 42472 
5 669534 823792 483588 
