796676 79886455
360
500 754628 244180 906461
93 472291 751053 881286 
277 503711 992766 852635 
229 24384 518896 827444 
477 36458 963988 146694 
161 515801 851163 617931 
451 334843 612770 794032 
375 925798 873917 908095 
593 118097 330907 86855 
677 81960 484492 536397 
203 477257 905383 427657 
623 424278 771452 323022 
591 251792 469716 601728 
223 837230 736011 375777 
305 865132 686160 74540 
401 560077 498987 504058 
9 829893 590912 301263 
7 75404 354011 530226 
583 259393 474234 603356 
525 762037 926377 660758 
455 912444 778837 297772 
67 31199 673548 438098 
581 359708 28989 203611 
591 527975 707668 630660 
39 814932 448274 818775 
573 802284 865352 475698 
311 855937 79053 261698 
427 521782 438807 148153 
689 733996 445924 700250 
707 635824 138347 661524 
5 683688 381487 464370 
523 605506 95029 602233 
393 543302 421008 343475 
513 286359 819173 923612 
431 414577 701662 276621 
619 656820 941125 886935 
589 387049 103536 156009 
47 758235 333884 567458 
643 715370 31827 169935 
615 643207 772168 774016 
359 709527 117491 564796 
169 936663 4759 654532 
301 222772 447504 320301 
383 388629 723587 270406 
537 343474 942766 831252 
135 276650 915061 59981 
501 463239 229916 345598 
553 518435 119614 325656 
561 753456 406803 740197 
635 411561 911081 74060 
249 358584 910712 30276 
23 634298 817033 39240 
103 759799 386843 595831 
239 301903 655812 577522 
281 402079 439472 387937 
209 75437 229944 664825 
263 636746 921373 35361 
677 832453 109420 715343 
633 20132 261970 938248 
681 79002 977488 664904 
703 364330 260735 907951 
689 432898 1825 464077 
15 441296 852014 788192 
167 598309 969368 861975 
493 890740 413687 316065 
129 523106 547759 430581 
217 809728 885180 230370 
481 379019 895273 760233 
361 672359 184535 442285 
15 702711 906361 972935 
251 274726 277478 693441 
69 763197 71767 624441 
497 485453 456857 409833 
141 520967 356765 584499 
171 241944 331220 252126 
549 226493 12358 397015 
245 713245 355651 36811 
469 262011 526097 76313 
497 803575 769753 926123 
245 357872 66915 253411 
407 523771 663243 368234 
353 20007 469085 891782 
205 800304 660259 431969 
215 188969 828983 958351 
185 184633 511513 834519 
549 553961 910831 16083 
13 196936 458557 957010 
493 525471 210420 398130 
705 873663 282716 126681 
281 268152 534814 704675 
349 195073 136643 611603 
161 965625 86305 802605 
657 114169 637123 145956 
497 547954 162038 542016 
417 620595 499025 816047 
273 225796 730528 228010 
275 13243 354690 25831 
467 889504 730505 866201 
511 383500 994155 984968 
711 596811 787572 532085 
197 424694 678040 895459 
173 356429 953826 233887 
669 452850 49933 155792 
555 780461 383801 810807 
189 254842 836637 107801 
529 83494 490353 745272 
705 484507 730239 332468 
73 517810 380904 308647 
271 575295 204105 431502 
7 157931 181741 425098 
183 748025 97241 322129 
649 481041 132936 354892 
709 485924 979044 396579 
193 469396 658203 36409 
123 388441 885229 551570 
85 266132 860216 881458 
533 580672 829311 289502 
563 11051 714599 382086 
615 328192 220566 803912 
47 353501 675155 577818 
353 654198 490749 925193 
145 148951 477954 593846 
445 363182 145415 476345 
369 521982 874154 503443 
507 219817 792944 357607 
277 507543 739692 22646 
91 960258 342910 677669 
699 18064 255487 185886 
507 746235 627431 312206 
369 105384 422404 465279 
473 567818 457976 646933 
463 332129 150376 708805 
673 943319 66411 815516 
185 322455 354513 319298 
63 697422 996967 629173 
235 252453 815059 420451 
77 442489 249008 926575 
127 671411 391853 565492 
201 849828 212424 361732 
153 879151 586888 766605 
459 653298 582120 306034 
687 936633 625332 291167 
571 138650 920340 382243 
427 251750 802693 422492 
619 51701 349066 791165 
365 740918 356656 995043 
595 85431 356774 805406 
523 460013 572010 303403 
205 670482 125788 121766 
131 751119 412933 273871 
639 849624 172466 313573 
105 975158 252416 311962 
179 117833 103126 782673 
45 976133 294067 482200 
405 167193 287605 542496 
569 859614 362250 256867 
653 488038 378633 169912 
375 307917 443783 677980 
599 616248 991552 258912 
233 760320 87225 167319 
303 190350 466343 253254 
307 760409 251805 260748 
241 539409 803244 554806 
189 681845 328024 961821 
147 223008 131733 958094 
487 91867 636073 688463 
291 143976 463726 848574 
429 67302 15892 298799 
245 482234 552052 456836 
469 320209 717584 686595 
273 37179 757752 291343 
29 85776 253164 921609 
285 901248 879702 356059 
227 515774 560873 733931 
201 540951 582504 80396 
23 114748 379194 382255 
585 447597 355442 872327 
89 589377 75274 143774 
309 349377 435116 861930 
527 204631 299890 260287 
635 695943 132697 615343 
471 693569 865625 904168 
717 448129 984563 359123 
135 880108 257729 708912 
689 613170 581239 611861 
213 172864 755634 345453 
239 707102 723734 473744 
343 23623 250382 17610 
329 383078 149304 447632 
235 14929 351800 343869 
657 852714 702991 574988 
43 477071 283899 60526 
63 865137 672386 325490 
239 944372 670943 76592 
145 394676 550335 79556 
261 800716 613517 170567 
129 762821 134551 809494 
361 486350 153362 273509 
189 372704 848496 588236 
267 132394 165113 456366 
485 353851 781855 68234 
443 969149 144825 466046 
33 211511 545601 814827 
595 159118 501745 745074 
659 636295 554568 732390 
407 707929 522250 978059 
225 370745 82646 446758 
579 247759 419475 533372 
97 717682 117958 416182 
59 779134 882227 567006 
249 944179 898184 519222 
271 399929 264296 541585 
45 818863 790326 675219 
125 312575 169629 640127 
317 252274 86885 219161 
687 506359 268884 617992 
319 386841 34173 427222 
109 432751 994227 672971 
179 408763 708544 996577 
581 972839 538162 361265 
25 844839 36483 867548 
267 722463 507674 357084 
257 594558 576244 507472 
697 361480 641816 841308 
559 192340 784881 430646 
101 295460 103616 518372 
203 812160 514948 29264 
59 569461 390528 125755 
39 943363 993302 571713 
353 17327 928796 673265 
489 21392 180737 229153 
621 338904 586812 647542 
5 888045 594540 672685 
527 698155 191056 887725 
371 706004 916988 844368 
447 823867 486474 689763 
681 996127 261475 465758 
105 706623 139022 141689 
91 836110 887193 627236 
665 990357 274777 706256 
481 385668 895292 61904 
189 86348 949628 626840 
221 382967 987559 67814 
305 990384 273929 490414 
619 51755 472523 516315 
177 611544 658003 519094 
331 545196 146329 139018 
447 937458 361625 930304 
489 256917 992207 923299 
111 458186 66491 651966 
127 570401 236131 80688 
449 510059 87453 63646 
651 559975 96312 352894 
61 754315 871988 651876 
43 534668 790893 867765 
313 668870 314420 311602 
355 306626 751252 301753 
485 334094 470070 638666 
269 706200 719353 981631 
501 323158 561628 327128 
503 657940 680021 571002 
11 68360 222877 260819 
55 530122 644935 591504 
45 959354 419457 157480 
421 687061 975584 63493 
227 445653 218510 442000 
7 454214 939982 400814 
341 501610 727941 176855 
361 924314 747856 120858 
385 487085 381676 112052 
331 542962 219908 248900 
149 639364 922731 284645 
671 898314 864489 863930 
315 599350 305929 528521 
149 762263 445687 863638 
623 689979 40492 456124 
263 304699 576981 123317 
685 475008 751720 325340 
177 971627 574239 36635 
125 496969 837631 970118 
307 218471 350399 771951 
679 656328 300472 904086 
43 262510 767723 198813 
95 808214 171288 83132 
465 264620 722800 421047 
517 474519 746387 273947 
195 320625 826933 89840 
67 664563 576309 245579 
65 926708 17530 217204 
549 834353 121289 34328 
523 405364 233140 49349 
353 920779 648832 842841 
715 371631 263888 441376 
283 10274 231674 324999 
339 58606 931190 181195 
639 507498 426774 638904 
89 444303 856107 533591 
269 493747 567918 891868 
459 317409 457568 629039 
453 106400 988231 939936 
363 252118 897663 873235 
125 129336 198233 142345 
425 645774 323539 460164 
383 750312 99067 103828 
651 471525 637419 505972 
63 721688 397839 380733 
353 855407 526123 793635 
315 514354 733571 472539 
605 631233 862126 577918 
161 576710 720262 497565 
407 43800 957729 375755 
687 56795 995934 537781 
719 633352 43753 9943 
239 441591 907027 910488 
457 433150 704122 291506 
365 437692 280397 746677 
393 142522 324594 378549 
541 44855 392465 458066 
493 350193 350172 431822 
39 346106 969602 968011 
433 13354 494305 850848 
673 401331 761335 300997 
239 465457 592503 298334 
119 389251 45011 521128 
7 369604 416028 283706 
261 808493 741772 52169 
9 91943 483990 598376 
575 453591 566386 933857 
433 60690 784704 470945 
665 546039 771941 812852 
413 880795 627538 463698 
649 672548 984826 834520 
445 400853 118226 5665 
49 859997 57833 884382 
21 58174 482757 906339 
233 565495 840195 11413 
431 141250 998709 120908 
319 770649 450112 731486 
71 77649 195184 437840 
215 696361 788712 341402 
409 906937 863419 339262 
89 921251 223643 751575 
49 222751 174265 523893 
409 530811 535305 930781 
201 50365 568040 392052 
345 18151 123538 988808 
141 835073 943000 395050 
609 248063 736452 661349 
157 599870 610 954635 
223 740604 222561 533248 
309 913178 57140 267951 
135 108796 198731 632400 
719 283123 24452 496525 
385 664341 1684 429776 
409 461035 824825 63549 
193 561276 241249 380447 
273 241859 335081 231321 
107 73994 764568 462168 
421 821708 730119 947510 
509 445201 579910 606015