753883 61717223
60
18 43905 806144 479991
23 874116 983539 529375 
5 923939 803859 526756 
43 761401 768820 164447 
21 989307 227115 140779 
77 670251 957849 30683 
13 516157 435125 265874 
31 705359 883045 820068 
29 689189 300058 479118 
7 799948 8492 244998 
53 328702 771753 257180 
45 56924 421626 622045 
45 165092 279175 170413 
83 237023 717447 603088 
77 152571 868961 266655 
17 268357 603074 639896 
89 903131 119013 37200 
35 643857 798550 943316 
35 86654 200495 579012 
99 138472 717408 738864 
45 996582 909276 655256 
87 626722 774695 503135 
87 160007 286141 669924 
47 889214 309819 385908 
87 428832 939460 11773 
15 254361 471441 561597 
107 188287 140609 943 
117 858016 739806 630321 
99 165433 801929 604553 
27 576623 624039 87797 
59 910179 757721 164993 
103 583891 67252 108087 
3 523063 636212 601761 
45 107652 163358 118437 
115 820318 635731 622696 
49 375537 769369 565634 
1 571297 686539 849475 
101 310577 453623 400900 
111 727695 82244 20147 
11 149496 644586 840659 
35 280797 442420 449981 
95 122129 84769 200737 
115 720499 339785 653482 
13 109153 219116 669708 
81 905654 35534 861071 
43 489156 778323 953337 
101 860566 489836 44788 
81 134421 885446 198971 
33 327865 165303 320016 
89 250071 520752 425142 
81 860536 594976 99308 
39 330443 285367 199192 
55 320900 576615 485029 
13 354937 438366 543257 
67 928201 588044 258267 
1 989842 457237 994189 
11 138891 314204 800403 
41 351307 741896 875881 
29 336871 491540 730586 
65 776906 446130 419760 
