172138 7338271
360
432 874045 950571 487054
673 963288 419962 650348 
659 481011 812585 832955 
511 503651 781981 649905 
719 906530 438127 179348 
649 213619 490457 821669 
713 171260 643393 24660 
695 815530 31997 116044 
347 982567 119449 860022 
571 55763 26722 417735 
409 839306 767042 510460 
135 549022 160365 949787 
701 114843 129135 703508 
441 619591 525176 516370 
163 168568 541029 767070 
579 573025 399465 706375 
605 35265 82749 534148 
133 109470 468234 144152 
269 235275 170963 324435 
657 847679 274221 272551 
227 919707 976058 807334 
673 17586 323703 362851 
289 381083 129920 202954 
613 529384 425681 542401 
255 508429 76548 172027 
419 61134 832530 83024 
255 3492 407458 597056 
501 198031 869607 330044 
673 362016 653729 173386 
81 493784 536236 82106 
371 182507 801411 345325 
563 227091 887725 309241 
141 480625 481267 386120 
395 313796 985496 354517 
319 909305 467925 201162 
269 853883 531205 741424 
275 701285 914809 595499 
295 967396 193956 586286 
283 995366 931610 378143 
577 335686 687383 990679 
379 685002 893151 874419 
537 394998 745288 348788 
443 213212 549949 927989 
187 597505 669412 282991 
299 100572 394841 10209 
557 588796 112846 250572 
323 44455 145066 839322 
345 348800 346352 229154 
561 239502 103573 548950 
277 848860 897737 455153 
205 964038 383141 645516 
523 568904 928506 860331 
613 839699 386892 286497 
27 499737 537068 529007 
607 682133 368328 957036 
663 714680 186189 581085 
105 806113 130034 621384 
647 544122 76536 749746 
397 976028 395261 69701 
645 840119 446383 763461 
113 833274 49957 108310 
645 587024 153669 909906 
55 521996 866941 332791 
133 569481 913875 223560 
467 560260 844943 546917 
267 921478 813015 128892 
513 208275 714944 475139 
209 677679 238599 244561 
623 288555 869223 360314 
19 22891 786571 693789 
635 653511 542931 814265 
623 456806 554176 114937 
113 399118 178205 154150 
373 991219 799394 250803 
331 30689 242293 280590 
93 480891 41503 735671 
553 427077 612336 194078 
477 398907 404218 27556 
273 947148 358172 791760 
369 912347 423048 453722 
607 601253 124223 664762 
285 439968 915564 824668 
113 157856 105258 179023 
595 663112 431045 957246 
615 43381 667675 56506 
573 71892 84061 11055 
719 442233 319167 939344 
437 742214 909417 182395 
515 549992 847156 968641 
637 279072 309660 460615 
237 414917 155990 108377 
679 587034 581974 684567 
107 249649 741072 72700 
359 341485 600107 856931 
233 919273 796275 654647 
571 222043 353393 521304 
307 200549 6296 761993 
279 315955 738959 949250 
527 894948 57626 841603 
107 155952 42522 628747 
399 783593 217799 243491 
313 817905 100422 425145 
33 413048 596144 915014 
179 949536 952669 923476 
711 958964 201820 146055 
301 457130 95305 554846 
379 669282 912800 866763 
529 955321 11861 747184 
467 746011 507027 380342 
53 607448 805487 817443 
429 401630 248809 171936 
233 201477 611763 533953 
305 813582 196359 984415 
207 808015 539260 655493 
433 968411 522255 335233 
183 50467 598769 178997 
635 105795 559338 876744 
3 881176 210539 250088 
313 459347 938375 666674 
349 66490 200626 370319 
605 396984 354733 183486 
541 410344 838978 714999 
453 361232 50231 818838 
117 648999 997834 724528 
305 557171 601271 984386 
533 811809 750825 753855 
693 205552 420528 481034 
321 137505 851352 668463 
241 722437 851949 772191 
663 690926 487189 544238 
299 537419 879427 496560 
419 877260 221087 457562 
605 338709 958300 905481 
395 225476 659335 454376 
213 79863 935409 703067 
397 303113 887882 784559 
617 256182 556749 191032 
517 560289 735270 548320 
535 614696 44879 800477 
135 782317 774390 959090 
531 249041 380922 787895 
473 40256 242270 421895 
139 694031 641314 370189 
365 529195 154747 539043 
271 227848 730074 765186 
671 981695 313506 402195 
61 358384 719023 121050 
505 493413 80139 778078 
169 461060 82324 733321 
293 324593 155216 654137 
509 796529 540677 532117 
549 211775 587511 143802 
363 317585 908987 744110 
237 222492 146304 412021 
135 865327 533070 754280 
421 129560 532357 650247 
21 614680 899920 124638 
47 571487 295126 506951 
173 835802 555419 726441 
671 142930 870242 3550 
307 295580 747659 276144 
703 410314 204517 615299 
383 253938 885930 183434 
195 934638 833681 6820 
457 733600 131457 521292 
251 942934 544594 189452 
269 100013 432244 342663 
123 302485 862564 219807 
431 610222 12302 632487 
493 216818 764137 328879 
71 650066 512312 370605 
525 345992 377424 650371 
45 25233 688015 901028 
491 232608 606831 263253 
103 39074 122267 91913 
379 984830 828071 972326 
325 840373 604812 648289 
363 885301 977167 560649 
571 5831 447605 636421 
587 341381 803143 464117 
345 491157 881496 851130 
713 488327 630734 89088 
319 753000 697353 901662 
297 525423 873987 365583 
293 995150 13872 455689 
579 507390 532689 932168 
439 980294 84940 897746 
147 888082 361862 204638 
541 759709 55767 652059 
69 202853 257498 291787 
263 954850 193448 210033 
129 583786 575615 878771 
189 105838 850811 459385 
615 383500 907904 642799 
209 992843 540544 201818 
167 902405 406455 292866 
467 978573 944924 426500 
369 202422 234638 137277 
45 944437 863661 670247 
603 955627 65370 623509 
529 432532 599245 674692 
605 507148 317490 212527 
299 858034 930696 897265 
459 337150 190131 455255 
485 651406 398107 497147 
533 149096 150775 527450 
345 530787 714048 138106 
587 295769 761614 547878 
41 360858 738921 577035 
409 56410 305914 884346 
709 236609 297963 223937 
477 4445 679191 405833 
499 77297 419331 509677 
705 86458 553478 836277 
327 783877 974382 620009 
11 252348 684238 324298 
409 423158 417684 997562 
719 723597 398259 943066 
571 696221 167002 50316 
529 846193 456148 872867 
641 391830 898895 182585 
493 968724 535213 611883 
639 25947 748243 348597 
267 432481 189246 407850 
699 606930 921763 367909 
11 836374 310975 807083 
227 994328 857398 749611 
623 829897 622477 313065 
573 37723 495649 216365 
171 547214 344599 759045 
559 92842 623994 367805 
243 813239 775654 897311 
15 213769 781572 267046 
523 608898 590480 99087 
209 447878 848697 960097 
171 987525 273161 532204 
717 285161 748569 548044 
667 609519 307089 921885 
639 931082 289689 744033 
383 581695 157696 197192 
125 939267 464237 845604 
391 571068 944690 667740 
193 309739 144188 329423 
29 933700 861626 355214 
425 126546 903257 83938 
449 726697 5823 954776 
419 811863 698809 434802 
313 856504 631993 189019 
163 612581 550974 376637 
559 495664 560728 235297 
707 221268 564719 651720 
253 942696 523285 890179 
3 942894 974117 321658 
379 496291 276433 360072 
385 491593 794873 701710 
671 943217 407080 176569 
217 958054 553205 772148 
537 630285 7444 808174 
703 88514 459893 6518 
499 983178 413049 616803 
461 903517 938460 112012 
653 731244 472083 224311 
553 783307 442372 570932 
389 849452 263853 315023 
209 333409 603523 293925 
585 127318 102098 815244 
463 561990 338114 763393 
77 751162 380195 503941 
699 835006 615953 87188 
177 604387 311498 789085 
347 753870 876369 146920 
625 140221 978295 443529 
617 581817 737453 437322 
27 839550 768917 441317 
437 107030 204709 979410 
125 101255 483350 545572 
599 615654 632759 502509 
1 460609 291593 124086 
619 167961 271005 850502 
425 249299 294030 298162 
213 31482 251835 572953 
125 20751 14269 305273 
521 735330 284682 502323 
111 768032 564247 289196 
89 713357 308056 120077 
393 599648 244162 421146 
641 31519 787999 108493 
193 82028 923006 144636 
681 174840 717588 17243 
141 248208 838868 839723 
17 123549 858397 852825 
103 422643 142020 307969 
303 450075 428045 342668 
227 188559 763814 366386 
393 551812 474879 500893 
63 914236 161880 296404 
631 879467 829999 801018 
709 668866 640740 627563 
427 499136 996739 716698 
117 138758 24666 90482 
367 452710 433149 671258 
135 196962 37643 377696 
251 28873 394941 931669 
137 556820 228072 548536 
253 574422 349553 80313 
333 990292 224227 552053 
53 220966 268750 927557 
325 293415 18038 981259 
711 967539 652516 420096 
359 206510 797791 945977 
285 192731 877645 694843 
381 622069 243378 702189 
579 109282 782501 439777 
505 523079 991829 105351 
167 776930 549260 620119 
511 83649 601377 849171 
453 253892 785618 732039 
81 99761 678015 212135 
485 555660 423329 558393 
319 666706 776933 890569 
437 75785 330345 391911 
207 838525 13614 342907 
587 79225 479377 202149 
465 80753 567672 214060 
311 353289 462450 311397 
481 140464 39883 778244 
309 463212 852988 906554 
697 629921 797123 938608 
49 643819 846870 820920 
287 860483 163827 614149 
357 643203 332650 618932 
55 900321 349343 91303 
401 811792 919051 739362 
253 958934 517605 681082 
33 370592 103987 584765 
687 417461 39724 222569 
239 886594 559840 59975 
215 240018 674123 719487 
601 523124 854770 639880 
567 204112 731182 709757 
29 650233 965470 517213 
315 483074 714646 64014 
593 818633 165130 886881 
585 721206 625801 813724 
557 185640 873698 387578 
675 64173 623416 825230 
671 478185 465109 527092 
15 712642 236848 730902 
307 202317 764467 4743 
203 479112 585108 571758 
687 750238 974990 50189 
309 600790 863912 595593 
523 737610 499522 728439 
283 122938 70020 905429 
323 535128 432520 799770 
257 669367 47023 126995 
389 327841 648089 589776 
545 233197 677886 104696 
451 169227 154884 487580 
513 535148 599524 72798 