966917 837387303
180
29 245625 721801 353413
355 526384 299823 93944 
359 357584 587581 798178 
225 763115 1293 881410 
291 754703 63914 248861 
311 901349 554263 774052 
283 386119 619775 686164 
119 103043 523550 632911 
53 761703 502675 456116 
11 318849 550059 515217 
185 653991 829746 968685 
49 831038 850095 527102 
265 430360 775962 1328 
215 846577 291731 262282 
133 427857 948445 795438 
117 471994 428348 395917 
215 447374 852032 554486 
205 918442 69702 959007 
63 899448 927691 505888 
193 294137 32989 865281 
113 325303 866608 572556 
237 674690 834837 437277 
251 783281 232714 149796 
213 177413 545712 38026 
75 914095 592511 907360 
311 178565 866366 404967 
87 310409 910854 841200 
129 943843 706481 845393 
113 89440 417949 473727 
219 769137 911003 383027 
259 143716 532823 840396 
319 78534 394773 978617 
281 987284 402329 341516 
135 785046 746483 760211 
187 173688 117762 216351 
123 824242 61743 419378 
27 479691 893104 710515 
319 804106 93541 833949 
225 142715 190696 818004 
1 585468 796621 246581 
261 715301 588096 254950 
331 850930 15160 595800 
355 649274 812150 658499 
93 873892 77877 419900 
109 487332 130414 635114 
235 740307 985414 271962 
321 176109 89966 620621 
191 402938 867201 850679 
315 971649 621980 618583 
275 153492 730734 847195 
169 542883 22046 792631 
53 616274 728883 319413 
289 375648 470878 911394 
27 456291 183356 515327 
301 789673 135947 426678 
283 519500 277356 827199 
175 899336 962133 313725 
333 692867 677272 371943 
137 699317 164573 685227 
203 893455 4639 451898 
349 475516 363292 901408 
115 62999 416734 596908 
85 69033 23586 77984 
303 300941 905182 79679 
255 867314 909755 285806 
239 587026 657748 312281 
27 338673 997507 150987 
117 518498 602885 533933 
265 966176 951693 442171 
91 368426 39078 914548 
339 62663 992531 542341 
111 414064 138371 112935 
57 48126 398741 874261 
245 572840 186541 470549 
143 700399 621535 659991 
311 224419 710275 729261 
291 661967 171431 252471 
49 726860 167018 500554 
269 675900 559247 185830 
29 213969 298764 404044 
27 213856 278304 929949 
351 981196 400497 214559 
347 22031 874549 900490 
219 101176 629750 469747 
323 317532 722218 826238 
141 405587 326792 350265 
77 402390 52446 204153 
235 867562 608196 394804 
353 402851 324752 384464 
91 241600 599023 65640 
179 989923 482481 26431 
195 112230 496178 370592 
105 734747 196829 506855 
265 39972 857120 738171 
201 425917 942324 58719 
355 66871 453522 891247 
83 294625 275710 370119 
7 874732 435758 316205 
349 918238 342636 955752 
237 355165 326343 9283 
261 39524 516138 230243 
109 889609 484766 521856 
169 943441 96926 609003 
205 550447 500249 996384 
165 292310 366503 897646 
323 318612 213850 31696 
163 72837 503799 300020 
225 346494 825655 34263 
273 341792 780858 465511 
159 265623 503718 546924 
109 600643 672278 252077 
161 688878 764813 545215 
55 131315 442860 664581 
235 173062 696276 719479 
99 716426 535851 706603 
117 361505 257217 448935 
351 38074 430798 451047 
255 450867 514322 545462 
283 702952 797539 235302 
281 562351 780517 405720 
233 739728 70300 692646 
321 282927 412125 707743 
65 464327 414345 62271 
221 187913 27558 45478 
293 974707 12876 46034 
185 527197 107848 993434 
215 421738 745088 654681 
295 41956 60400 710456 
325 130700 403101 727176 
171 331577 434918 412978 
285 365614 991601 138085 
131 19158 699914 295864 
327 712789 858250 419436 
275 966097 929222 502837 
27 674309 157517 888273 
127 217917 115080 14298 
335 518180 257825 278593 
313 692742 207923 162011 
333 199523 816448 128233 
39 516361 940448 728895 
283 798697 664682 18191 
145 593903 521027 668978 
45 194896 73602 17178 
207 188681 31476 794131 
105 289300 589075 589321 
347 796997 751331 73100 
221 567778 717684 731550 
141 658132 976796 862344 
295 641478 880534 737973 
119 917912 923302 536295 
53 996904 553472 41970 
191 584947 836100 925148 
117 425175 514468 888992 
85 782151 478443 251394 
95 196127 499295 466770 
155 476091 329113 827437 
279 725998 565409 385651 
19 5063 921945 756716 
251 475417 798686 703901 
269 151137 629049 967313 
45 659868 372656 347538 
195 367451 598931 308298 
113 614577 775067 934186 
37 620532 761622 240938 
257 843383 142941 990438 
289 64885 747154 366762 
121 62191 70662 117016 
213 216062 600680 822342 
83 489688 169879 834299 
275 285161 142596 937066 
33 434015 871251 23108 
331 149224 780397 401074 
51 923337 907864 357402 
323 655017 724163 44874 
37 311177 678241 963237 
339 795273 785578 435871 
359 955456 270170 658449 
31 929117 595514 656705 
101 466764 196164 417676 
13 976560 335102 124945 
