266910 970877351
360
 740232 32625 284981
65 513702 878171 762235 
329 828752 863658 479809 
221 595741 135500 502815 
401 480025 738923 576654 
663 996295 416652 262562 
209 899314 854336 421291 
311 121246 908520 892963 
233 457496 694295 888742 
473 572466 650976 874233 
657 30985 354042 855599 
329 489541 874766 742837 
331 613688 319491 613489 
683 736142 392402 841478 
173 246737 779121 457795 
603 687640 350757 745811 
189 45052 150904 116331 
697 801879 506915 567789 
109 860956 423387 975939 
417 814504 235127 352766 
543 554617 966254 554525 
619 358655 912355 475269 
141 691475 449415 489725 
371 800171 235535 40600 
27 386438 673282 11794 
215 180196 579582 53882 
303 519321 546172 424352 
207 781298 777117 278367 
293 743370 349244 175728 
607 261598 167348 223766 
687 616762 713490 364889 
169 465376 405488 811210 
89 595121 823004 589184 
631 402585 159417 332819 
673 705588 757170 772081 
75 50638 566799 371856 
413 916042 63935 412382 
301 231283 152500 163414 
471 865989 528302 814032 
633 933789 625242 215881 
681 964597 805065 336929 
25 964481 669747 321790 
521 943269 93870 706010 
131 177020 77865 304265 
443 658151 232998 787052 
705 385497 950466 770181 
171 478767 584212 99202 
695 725805 315082 974168 
401 636498 311096 573934 
37 497195 895723 303751 
509 505944 9760 950720 
565 603976 771336 776024 
91 4334 79428 667911 
379 29893 438091 157667 
261 538654 256868 953918 
277 88302 444438 954859 
541 271885 45144 358481 
237 940866 662231 725893 
561 671990 192965 646124 
649 480652 938499 54443 
129 534278 722353 391167 
579 160443 548833 105533 
671 322053 575802 479906 
147 20239 951117 167856 
151 996260 526337 577554 
75 188567 819799 416638 
217 529115 579113 169225 
411 33964 223667 11103 
481 946019 402269 648763 
25 951101 754295 321909 
305 846448 801814 199858 
13 752930 367714 191514 
603 894050 769067 719019 
335 105217 652008 492228 
245 747473 661453 160449 
391 885119 171551 866028 
259 90171 514790 970302 
141 785436 808562 830776 
647 126728 30633 14922 
497 914698 206435 661550 
437 491853 896920 440419 
283 548928 932646 264104 
303 594098 940904 594187 
577 628806 976566 859410 
671 491356 829711 276599 
445 638273 107374 425026 
303 654358 956299 677360 
191 679085 338910 410506 
195 752181 850924 284359 
439 783570 64814 630211 
533 5718 224397 889587 
405 717315 748996 353499 
379 578707 146449 518164 
21 253822 459542 14682 
117 415840 208393 993586 
329 547302 404092 782214 
165 255015 582924 116942 
127 647737 263505 932603 
491 4253 822189 804329 
173 571185 674179 930236 
405 820627 448400 915925 
175 424293 446958 498978 
583 655350 492564 451408 
263 896655 233621 18486 
121 332896 651779 706605 
225 915283 639207 666790 
271 461395 471118 641102 
21 661648 87690 215173 
147 52441 647449 73073 
265 94406 88403 833216 
231 580966 800976 468759 
183 34596 487244 661992 
647 655374 884948 380828 
577 524154 47617 522896 
441 518735 680349 567183 
667 284390 298708 179008 
443 946156 768432 846266 
563 856834 679482 790317 
141 480457 259075 464474 
87 262670 642818 915247 
149 527765 812426 37755 
381 860043 560650 586523 
17 757351 153705 591862 
679 452412 287221 894922 
159 55653 257539 955481 
635 937020 262149 382989 
535 37575 363814 481584 
327 6631 913182 250990 
391 725608 288745 619018 
243 365746 205540 997130 
191 875596 105343 681188 
319 392564 92461 759279 
655 349999 231111 393405 
581 9611 292745 737198 
369 656559 735133 863780 
217 648315 114769 713936 
403 919865 849305 992275 
421 571196 989404 408706 
143 94746 89893 807503 
121 698705 83133 968228 
207 314243 877985 852074 
169 687081 105623 887389 
717 840756 751168 523180 
619 382288 753467 379343 
305 119124 371617 587763 
397 877372 512820 653462 
713 119065 460964 492130 
177 544096 460357 866472 
579 854693 234897 214894 
507 340520 618634 401764 
389 369801 441295 670344 
241 194762 566038 570593 
409 937654 674707 520555 
609 703878 174017 303493 
27 634980 795622 157063 
535 772331 539886 586469 
605 291135 317715 168796 
667 936348 570560 812928 
521 528206 999623 607293 
333 565660 177885 553203 
689 368943 73758 834689 
39 247774 654533 412114 
49 450155 85528 610884 
9 141765 713705 849507 
357 31419 534655 64552 
75 621566 393831 822970 
21 393453 430262 389090 
207 124498 942292 495128 
559 532401 846168 82612 
91 500701 11077 695631 
589 612956 822866 689691 
719 536570 55549 703971 
279 590203 284874 84810 
159 678705 907779 877891 
297 854393 783332 580325 
499 241975 75452 988682 
271 437972 587645 587253 
383 115073 799235 405878 
695 622101 95568 999099 
363 667468 219421 759362 
525 504295 844171 502142 
701 268301 896384 804211 
249 679715 384535 134287 
3 976339 122968 212417 
379 226964 316021 352981 
295 115256 275210 586415 
311 887129 101865 412377 
631 837638 688090 328618 
183 48612 347112 41282 
49 243495 361844 472309 
403 746379 606595 877603 
633 245914 606371 137026 
153 922391 6358 331264 
651 797919 434030 291353 
173 52247 220082 755994 
407 908171 84612 748167 
589 948075 789448 306399 
177 667643 778707 147482 
361 385302 541436 136737 
669 664158 790114 620444 
457 796471 951707 140546 
697 902089 948251 795787 
429 168332 551781 360570 
27 152744 108736 65988 
595 414535 372386 808738 
593 151093 956220 496198 
51 14007 149286 683960 
249 939400 304403 781065 
683 772462 437962 362963 
379 386212 675101 145236 
445 226881 505805 147397 
207 614540 729736 996793 
307 102122 805531 627602 
411 278102 123799 822311 
535 273085 506270 486624 
711 327025 267688 497409 
651 705650 860371 290387 
505 535472 435622 162756 
367 457778 826504 174680 
633 72591 171472 617742 
223 493354 245343 460629 
429 885494 282939 579915 
659 305561 66538 403765 
369 850578 901173 732070 
117 277896 22456 680791 
333 974429 359898 608422 
11 186401 783101 20874 
623 954573 638615 950055 
411 400309 410684 735733 
483 209974 315647 960731 
427 898536 880847 148118 
625 782020 396539 821691 
629 935346 502482 389633 
651 862379 998054 858331 
583 781155 879204 340475 
397 34170 806881 700004 
397 733916 435736 236632 
659 267734 197363 459423 
379 594561 123893 431734 
599 36783 253425 952846 
257 272258 858830 398254 
695 856884 772937 732471 
619 652140 589297 922820 
363 396178 139175 153492 
665 574911 390123 590334 
551 103837 566109 41617 
635 690001 473351 591329 
685 243127 544175 215263 
207 919356 129869 682723 
637 902805 931546 446980 
431 520842 369799 273957 
101 508974 943800 79816 
471 850275 670149 475583 
685 236257 517200 168860 
257 990550 276541 685744 
471 337067 901006 265411 
363 547226 464485 549013 
59 396030 995992 521326 
303 882143 311634 866594 
295 771786 946409 24055 
119 616558 499637 92522 
411 533188 777734 328127 
273 54274 13870 273764 
439 431227 539174 164113 
345 520011 713125 944834 
79 225469 982511 349263 
5 294145 215857 531430 
83 162265 71836 204341 
27 571472 296862 180692 
679 74595 508818 144748 
39 39039 418512 552911 
513 474037 717024 481421 
413 946500 426255 426439 
255 925117 775701 795930 
585 507909 843711 317894 
331 915546 522234 998051 
259 335448 178742 624381 
627 203911 769128 571614 
361 703991 640876 262270 
535 874251 743690 688426 
61 686296 114864 509070 
425 406917 821352 863377 
433 665062 181271 617702 
239 219856 132105 100329 
45 310846 724709 481697 
537 10188 569662 306761 
277 210537 569030 892206 
695 312720 96983 421890 
333 728199 930959 643131 
69 268662 506508 82643 
7 687778 700345 547035 
385 832449 647363 979288 
91 888423 460984 207106 
99 30645 513867 612788 
505 82896 21345 358672 
173 634680 780561 943686 
235 227872 586816 497992 
665 93323 96986 946608 
103 797330 493642 721437 
499 141004 700724 322128 
595 678059 45585 444388 
509 559451 573527 982587 
597 111224 341259 587017 
525 121819 530702 108780 
563 633870 123123 362575 
127 220108 309182 540996 
699 802824 778784 196271 
517 995859 518398 5957 
633 563983 966696 898971 
49 540222 397909 314835 
249 739167 901852 913699 
515 948905 22478 243379 
507 145600 122305 826318 
39 947839 883665 415849 
443 662448 612119 727192 
195 646869 249500 848574 
565 216195 263896 366987 
177 178156 681822 440565 
5 100025 354264 811012 
177 893093 570742 148055 
649 693047 974372 437104 
89 858036 369304 907898 
69 981422 635089 727844 
243 400941 92769 871844 
93 356664 238831 406255 
597 437004 363172 968493 
215 233787 779504 102308 
157 866598 250362 681923 
247 741085 635378 716880 
159 4681 624777 152306 
669 776217 880149 647096 
473 972917 518940 310644 
423 274122 233250 897103 
9 112773 381947 764504 
397 677803 866811 989790 
479 633525 671712 104043 
337 823442 820922 490081 
627 962050 158738 846928 
531 38887 10376 431775 
229 529315 258770 890439 
535 492019 303893 547264 
447 685839 311767 467702 
81 694929 457491 908040 
505 645555 528434 219414 
471 865707 709494 813469 
311 868231 176749 82374 
457 187124 30500 467976 
299 289269 358414 68929 
637 178658 616192 418782 
351 927958 402836 744489 
491 860326 168880 467691 
479 697314 203456 491227 
663 912949 821048 907128 
261 514148 505853 721000 
301 52704 705327 450412 
663 63740 519340 155962 
57 135531 91096 623244 
479 493931 367732 719077 
591 536612 186767 376488 
153 390222 867714 829648