355491 944487151
180
239 894242 642672 343418
1 826980 381958 795796
213 54404 641718 866009 
239 989523 854627 930370 
119 152891 411700 281927 
271 755266 365227 204396 
275 401280 9907 897486 
181 365397 358324 56418 
59 517347 399835 499170 
213 298145 811317 309065 
215 969386 175073 559540 
97 29699 489909 300220 
161 901609 582147 920517 
131 947373 641264 318263 
63 651170 732100 226334 
117 606775 799103 825260 
243 198938 324430 468448 
283 652098 777512 365981 
47 468936 925520 580392 
187 415429 880611 197575 
97 462757 634443 6614 
161 275706 841228 791485 
333 573327 534170 492497 
321 333273 317757 304222 
123 158538 289021 61995 
29 582884 427975 432118 
277 869847 528861 66805 
29 925824 780731 635015 
303 415173 641628 831413 
299 482855 139249 166808 
345 673418 659305 268985 
203 977061 573207 571603 
155 378579 633597 462584 
85 61572 411054 529633 
355 939914 596437 733044 
337 377167 368058 287021 
101 526037 634785 32272 
45 774033 199080 614127 
283 858384 883111 486844 
71 972669 58446 3745 
215 208395 466328 829062 
91 393733 358694 717735 
277 471483 967130 232087 
201 851539 35459 190044 
93 670243 222315 935521 
93 421394 549647 440781 
97 432757 927624 147924 
11 502421 151668 273025 
29 134348 102086 497132 
239 460779 214866 378078 
105 698347 126517 813614 
9 161975 3657 443811 
219 742323 895683 825548 
273 445329 266328 959845 
35 193951 624121 316215 
143 292140 589239 407186 
293 691324 904318 470919 
27 635535 365348 633419 
43 491864 447032 400118 
37 967040 360281 518760 
203 255963 344307 389430 
287 610635 865627 612081 
289 489747 444647 17308 
51 33885 940846 208373 
199 361515 195643 910013 
161 560990 59783 363634 
251 23166 763752 223044 
49 640384 258155 215919 
291 602461 121700 630341 
309 987326 242421 534032 
183 203419 67691 258958 
205 524888 983682 478862 
323 179324 905227 399803 
249 965009 279788 825870 
349 43539 565265 494731 
227 823419 227001 612972 
279 348701 243312 155326 
131 2085 205709 813098 
125 789752 588407 442806 
157 572088 438019 201041 
325 859597 117195 524427 
91 913334 350297 329132 
289 431913 340214 673498 
103 567215 286469 197563 
253 529781 869240 768292 
273 74949 97741 253719 
319 686147 212876 695690 
11 167247 896730 42348 
205 530276 83127 367800 
339 949775 696931 433186 
293 553497 106683 637018 
85 393152 350932 69329 
247 220172 353972 487500 
103 451713 257570 192523 
301 986798 888212 428797 
127 301294 471144 180886 
281 70622 548686 307882 
351 761968 741067 402083 
7 847750 555452 468878 
145 422736 538206 712888 
277 892178 716739 970730 
203 974308 679604 514452 
129 567815 943248 631500 
55 930744 812386 733381 
89 877423 41262 538113 
59 782329 456547 471206 
19 528350 940083 903682 
89 994641 616569 110343 
195 333307 597424 263411 
51 277027 777862 301423 
3 721110 932922 230301 
249 261659 963681 685921 
81 521295 224033 294823 
269 680579 282380 966404 
137 222462 386437 676365 
187 519357 786708 620271 
309 384131 400033 709332 
259 177895 10754 22351 
311 460028 769003 583560 
51 732684 269480 377119 
219 493513 671941 590304 
45 954320 556707 415723 
185 459495 92088 426587 
221 878795 563209 347865 
73 963242 57196 956786 
335 584302 495488 72843 
97 264491 172754 282366 
291 442233 659484 283855 
73 847776 874158 658892 
13 947216 74614 527932 
59 166701 470870 901912 
13 550430 249776 341124 
341 823323 814261 687510 
247 309749 760352 968304 
21 933105 767022 120468 
99 942857 404322 860138 
305 794831 519029 625431 
35 593643 669714 665107 
69 140583 567018 838542 
105 333145 179665 721035 
357 510277 924897 596795 
209 685248 565098 426967 
289 848471 547434 542746 
215 468107 919235 98312 
297 438264 240094 37686 
315 909808 219144 824952 
83 302513 179845 774106 
177 359509 11493 824828 
195 936389 421622 722514 
295 503071 149481 789044 
243 213266 331789 142869 
225 251024 757532 460661 
277 997625 498347 270248 
343 233842 95199 990526 
69 275044 764631 688363 
327 776123 513190 537041 
285 451163 775907 366851 
51 925387 155894 822127 
63 4035 481347 820024 
19 238878 797037 977048 
147 811735 247295 660286 
111 858845 650811 581930 
319 931793 786645 317496 
111 816186 854536 936778 
297 630442 819980 737934 
159 975874 76412 727184 
215 74110 63559 751317 
133 860595 244716 65840 
257 492010 242477 234257 
291 409639 816186 517446 
343 119182 834941 565699 
175 205828 18828 202716 
203 838808 457001 941153 
265 533412 668336 827292 
225 731895 94960 953211 
1 339675 19050 297522 
31 777879 531778 215241 
217 864315 249038 45300 
353 600330 127350 918864 
195 662530 637931 675131 
